camera_to_robot:
  rotation:
    w: 0.42097485974330434
    x: 0.9046734383891434
    y: -0.018230237696429827
    z: -0.06335452446985734
  translation:
    x: -0.015085513151495875
    y: -0.12919792644220376
    z: 0.11028347611286511
