camera_to_robot:
  rotation:
    w: 0.11679878365985094
    x: 0.45395244461061623
    y: 0.7494060708678923
    z: -0.4676278040428869
  translation:
    x: -0.17840956057306928
    y: -0.04571235553848074
    z: 0.052696707572784225
